      0/29        0G    0.1209   0.01456         0    0.1354        19       416         0         0  0.002214 0.0007727   0.06328   0.01257         0
      1/29        0G    0.1097   0.01674         0    0.1265        16       416         0         0 0.0004198 0.0001679   0.06138   0.01245         0
      2/29        0G   0.09436   0.01878         0    0.1131        19       416         0         0 0.0004846 9.692e-05   0.06283    0.0119         0
      3/29        0G   0.08985   0.01936         0    0.1092        14       416         0         0  0.000538 0.0001076   0.06425   0.01143         0
      4/29        0G    0.0875   0.01858         0    0.1061        11       416         0         0 0.0005309 0.0001062   0.06371    0.0113         0
      5/29        0G   0.08338    0.0194         0    0.1028        18       416         0         0 0.0005351  0.000107   0.06401   0.01105         0
      6/29        0G   0.08282   0.02012         0    0.1029        17       416         0         0 0.0004198 8.396e-05   0.06459   0.01082         0
      7/29        0G   0.08207   0.01786         0   0.09992         9       416         0         0 0.0003118 6.237e-05   0.06583   0.01046         0
      8/29        0G   0.08045   0.01975         0    0.1002        21       416         0         0 0.0003048 6.097e-05   0.06627   0.01026         0
      9/29        0G   0.07822   0.02032         0   0.09854        14       416         0         0   0.00141  0.000141    0.0678  0.009909         0
     10/29        0G   0.07467   0.01923         0    0.0939        12       416         0         0         0         0   0.06851  0.009654         0
     11/29        0G   0.07246   0.02011         0   0.09257        11       416         0         0         0         0   0.06934    0.0094         0
     12/29        0G   0.06802   0.01972         0   0.08774        18       416         0         0         0         0   0.06828  0.009353         0
     13/29        0G   0.06548   0.01868         0   0.08416        15       416         0         0  0.005159  0.001468   0.06126  0.009829         0
     14/29        0G   0.06592   0.01799         0   0.08391        11       416    0.3469         1    0.8264    0.2178   0.03967   0.01137         0
     15/29        0G   0.06528   0.01818         0   0.08346        17       416     0.341       0.8    0.7095    0.2273   0.04411   0.01056         0
     16/29        0G   0.06207   0.01789         0   0.07996        21       416    0.2284         1    0.8719    0.2317   0.03894   0.01034         0
     17/29        0G   0.06111   0.01651         0   0.07762        16       416    0.1504         1    0.7608    0.4452   0.03268   0.01063         0
     18/29        0G   0.05874   0.01788         0   0.07661        22       416    0.2074         1    0.8005    0.3074   0.03269   0.01052         0
     19/29        0G   0.05536   0.01696         0   0.07231         9       416    0.1567         1    0.8264    0.3366   0.03072   0.01052         0
     20/29        0G   0.05554     0.017         0   0.07254        17       416    0.1606         1     0.695    0.2209   0.02497   0.01071         0
     21/29        0G   0.05358   0.01589         0   0.06947        10       416    0.1405         1    0.3317   0.08683   0.03406   0.01024         0
     22/29        0G   0.05374    0.0164         0   0.07014        11       416    0.2254         1    0.8261    0.3917   0.02727   0.01042         0
     23/29        0G   0.05299   0.01653         0   0.06952        17       416     0.203         1    0.8533    0.4405   0.02417   0.01055         0
     24/29        0G   0.05158   0.01653         0   0.06811        15       416   0.09989         1    0.8579    0.2827   0.03028   0.01007         0
     25/29        0G   0.04865   0.01587         0   0.06452        13       416    0.1362         1    0.7664    0.2438   0.03172  0.009608         0
     26/29        0G   0.04782   0.01641         0   0.06424        14       416     0.237         1    0.9379    0.5103   0.03031  0.009633         0
     27/29        0G   0.04691   0.01685         0   0.06376        15       416    0.2187         1      0.92    0.5038   0.02902  0.009496         0
     28/29        0G   0.04722   0.01595         0   0.06318        17       416    0.1884         1     0.995    0.5529    0.0273  0.009339         0
     29/29        0G   0.04516   0.01607         0   0.06123        18       416      0.24         1    0.9617    0.5698   0.02419  0.009313         0
